1 242
1.1 973.834
1.2 3276.47
1.3 9665.46
1.4 25756.2
1.5 63262.9
1.6 145305
1.7 315440
1.8 652546
1.9 1.29464e+06
2 2.4761e+06
2.1 4.5844e+06
2.2 8.24524e+06
2.3 1.44475e+07
2.4 2.47241e+07
2.5 4.14101e+07
2.6 6.8005e+07
2.7 1.09677e+08
2.8 1.73954e+08
2.9 2.71663e+08
3 4.18195e+08
3.1 6.3519e+08
3.2 9.52759e+08
3.3 1.4124e+09
3.4 2.0708e+09
3.5 3.00472e+09
3.6 4.31726e+09
3.7 6.14592e+09
3.8 8.67267e+09
3.9 1.21367e+10
4 1.68506e+10
4.1 2.32199e+10
4.2 3.17681e+10
4.3 4.31669e+10
4.4 5.8274e+10
4.5 7.81783e+10
4.6 1.04256e+11
4.7 1.38238e+11
4.8 1.82292e+11
4.9 2.39121e+11
5 3.1208e+11
5.1 4.05318e+11
5.2 5.23947e+11
5.3 6.74241e+11
5.4 8.63875e+11
5.5 1.1022e+12
5.6 1.40057e+12
5.7 1.77276e+12
5.8 2.23535e+12
5.9 2.80834e+12
6 3.51571e+12
6.1 4.38614e+12
6.2 5.4539e+12
6.3 6.75973e+12
6.4 8.35203e+12
6.5 1.02881e+13
6.6 1.26356e+13
6.7 1.54744e+13
6.8 1.88983e+13
6.9 2.30173e+13
7 2.79605e+13
7.1 3.38783e+13
7.2 4.09464e+13
7.3 4.93691e+13
7.4 5.93838e+13
7.5 7.12655e+13
7.6 8.53327e+13
7.7 1.01953e+14
7.8 1.21551e+14
7.9 1.44614e+14
8 1.71703e+14
8.1 2.03461e+14
8.2 2.40626e+14
8.3 2.84042e+14
8.4 3.34669e+14
8.5 3.93608e+14
8.6 4.62106e+14
8.7 5.41587e+14
8.8 6.33664e+14
8.9 7.40167e+14
9 8.6317e+14
9.1 1.00502e+15
9.2 1.16835e+15
9.3 1.35617e+15
9.4 1.57182e+15
9.5 1.81912e+15
9.6 2.1023e+15
9.7 2.42615e+15
9.8 2.79604e+15
9.9 3.21797e+15
10 3.69867e+15
