1 -0.819718
1.1 -0.238476
1.2 0.294629
1.3 0.670501
1.4 0.819391
1.5 0.72775
1.6 0.441318
1.7 0.0536934
1.8 -0.316819
1.9 -0.556406
2 -0.583843
2.1 -0.370606
2.2 0.0519282
2.3 0.599954
2.4 1.15756
2.5 1.60493
2.6 1.8475
2.7 1.83897
2.8 1.59251
2.9 1.17743
3 0.702089
3.1 0.28735
3.2 0.0368973
3.3 0.0118538
3.4 0.215811
3.5 0.593976
3.6 1.04664
3.7 1.45364
3.8 1.70391
3.9 1.72276
4 1.4903
4.1 1.04646
4.2 0.48141
4.3 -0.0863753
4.4 -0.538888
4.5 -0.787286
4.6 -0.793426
4.7 -0.578969
4.8 -0.219851
4.9 0.172546
5 0.478896
5.1 0.60138
5.2 0.487859
5.3 0.144866
5.4 -0.363787
5.5 -0.932425
5.6 -1.4392
5.7 -1.77574
5.8 -1.87355
5.9 -1.72061
6 -1.36421
6.1 -0.899294
6.2 -0.445115
6.3 -0.115988
6.4 0.00672694
6.5 -0.105448
6.6 -0.42115
6.7 -0.856896
6.8 -1.29758
6.9 -1.62474
7 -1.74568
7.1 -1.61626
7.2 -1.25189
7.3 -0.723876
7.4 -0.142179
7.5 0.371339
7.6 0.712536
7.7 0.820272
7.8 0.691158
7.9 0.380153
8 -0.0131226
8.1 -0.369016
8.2 -0.577367
8.3 -0.56471
8.4 -0.312486
8.5 0.138196
8.6 0.696422
8.7 1.24353
8.8 1.662
8.9 1.86403
9 1.81292
9.1 1.53192
9.2 1.09842
9.3 0.62492
9.4 0.231438
9.5 0.0160637
9.6 0.0309352
9.7 0.26948
9.8 0.668051
9.9 1.12156
10 1.5093
